0.001286867
0.001140838
0.001289881
0.0013859
0.002266091
0.00635061
0.00595951
0.002073378
0.001325014
0.001553375
0.002458764
0.001063377
0.001213762
0.0006026448
0.0008353665
0.0006059142
0.0004984022
0.0002594275
0.0003358157
0.0004258754
0.0004223676
0.0002631199
0.0002297877
0.0003457365
0.000282332
0.0001825475
0.0003397904
0.0001985548
0.0001533891
4.901163E-05
0.000111347
0.0001584889
0.0001046448
5.196889E-05
0.0001193957
0.0001297658
0.0001358044
0.0001937227
0.0001615454
6.192485E-05
2.960763E-05
0.0001815276
1.532715E-05
0.0001088337
0.000120831
2.935849E-05
6.106565E-05
4.036297E-05
8.323712E-05
0.0001207852
4.513221E-05
3.796081E-05
7.849518E-05
6.690586E-05
4.842108E-05
5.021534E-05
5.354937E-05
4.262773E-05
4.482685E-05
4.688641E-05
6.197445E-05
5.622124E-05
6.095032E-05
7.505896E-05
3.68035E-05
6.907453E-05
5.469515E-05
1.168765E-05
3.245736E-05
0.0001307034
0.0001502439
3.275408E-05
1.61263E-05
7.931937E-05
2.09519E-05
3.786077E-05
6.917512E-05
9.599923E-05
5.03103E-05
3.253749E-05
3.736222E-05
3.214582E-05
4.863265E-05
4.06879E-05
3.945898E-05
1.319557E-05
2.701387E-05
2.086075E-05
4.077181E-05
5.078538E-05
4.585756E-05
3.440759E-05
4.286387E-05
5.253412E-05
4.656713E-05
5.700584E-05
5.16472E-05
1.974158E-05
4.887388E-05
3.041155E-05
0.0001099502
6.884072E-05
2.953296E-05
3.56113E-05
2.466797E-05
2.978618E-05
2.334558E-05
3.215681E-05
3.843902E-05
3.749266E-05
1.00422E-05
3.133598E-05
2.174532E-05
1.95118E-05
1.85707E-05
2.49651E-05
3.576991E-05
7.82868E-06
3.327496E-05
3.028522E-05
2.810477E-05
3.524471E-05
1.502425E-05
1.556332E-05
5.006883E-05
4.217004E-05
4.044876E-05
1.155035E-05
3.572531E-05
1.419869E-05
2.980383E-05
2.855065E-05
2.659222E-05
2.186617E-05
1.894077E-05
2.211648E-05
1.555025E-05
2.501902E-05
2.765173E-05
1.164328E-05
2.237225E-05
1.719503E-05
1.285404E-05
3.509302E-05
5.191586E-05
4.27087E-05
2.337366E-05
2.352245E-05
2.731988E-05
1.498942E-05
2.051207E-05
2.125585E-05
2.063576E-05
2.744709E-05
1.988671E-05
1.748852E-05
2.056245E-05
1.94871E-05
2.669516E-05
2.379934E-05
1.304206E-05
2.404081E-05
1.304955E-05
1.55604E-05
2.194404E-05
1.539119E-05
1.699067E-05
1.716411E-05
1.206709E-05
1.981472E-05
2.246116E-05
2.612887E-05
2.277731E-05
1.936698E-05
2.483149E-05
1.052606E-05
7.866257E-06
1.20474E-05
1.961617E-05
1.283915E-05
1.158956E-05
1.850974E-05
2.280653E-05
2.049248E-05
3.090804E-05
1.537526E-05
1.4132E-05
1.438857E-05
1.463854E-05
1.514458E-05
2.309793E-05
1.857535E-05
1.411722E-05
1.513159E-05
1.020088E-05
2.292878E-05
1.218373E-05
1.627981E-05
1.290143E-05
1.273899E-05
9.573236E-06
1.485681E-05
2.073828E-05
1.38513E-05
2.173281E-05
1.535521E-05
1.042649E-05
1.737679E-05
1.653013E-05
2.022895E-05
1.921282E-05
1.340173E-05
1.63498E-05
9.848556E-06
1.380807E-05
9.924755E-06
1.22955E-05
1.837436E-05
1.14293E-05
1.014285E-05
1.132001E-05
2.092075E-05
1.427805E-05
1.244599E-05
1.3001E-05
8.589874E-06
1.436339E-05
1.552997E-05
1.85743E-05
9.786564E-06
1.069679E-05
5.548995E-06
1.607966E-05
1.512054E-05
1.006599E-05
1.151505E-05
9.303936E-06
1.845448E-05
1.055293E-05
1.152288E-05
1.177073E-05
9.403199E-06
1.343781E-05
1.0937E-05
1.441787E-05
1.561704E-05
5.278211E-06
1.354763E-05
1.370632E-05
5.272424E-06
8.468207E-06
8.869402E-06
1.200237E-05
1.497259E-05
1.00261E-05
1.232331E-05
1.042448E-05
1.022994E-05
1.440678E-05
1.499342E-05
1.539104E-05
1.377115E-05
1.279374E-05
1.01801E-05
6.493816E-06
1.121496E-05
9.820769E-06
1.339109E-05
9.239703E-06
1.054059E-05
7.773695E-06
6.352753E-06
1.313796E-05
1.106143E-05
1.524784E-05
1.374579E-05
5.740786E-06
4.86304E-06
7.699236E-06
1.517564E-05
1.057412E-05
1.365939E-05
7.992429E-06
1.02222E-05
1.319923E-05
1.522019E-05
8.675152E-06
1.100841E-05
1.236269E-05
1.099206E-05
6.866259E-06
7.26785E-06
8.869414E-06
9.234692E-06
9.724137E-06
9.672764E-06
1.071732E-05
1.168703E-05
1.213006E-05
6.968154E-06
1.137938E-05
8.4065E-06
7.355786E-06
8.827604E-06
8.871823E-06
9.487566E-06
1.027024E-05
9.641486E-06
9.196508E-06
8.968488E-06
9.340047E-06
7.862731E-06
8.43468E-06
8.40848E-06
9.019024E-06
8.765004E-06
7.812055E-06
9.313972E-06
8.898072E-06
8.85553E-06
8.81601E-06
8.347834E-06
9.643893E-06
8.862909E-06
9.205883E-06
8.970113E-06
8.818894E-06
9.129893E-06
8.359109E-06
9.352565E-06
8.8589E-06
7.917464E-06
8.888791E-06
9.084252E-06
8.183997E-06
8.20712E-06
8.155588E-06
8.37119E-06
8.276865E-06
8.293878E-06
8.773739E-06
7.966146E-06
7.849673E-06
8.113697E-06
8.526039E-06
7.882484E-06
7.435635E-06
7.913198E-06
8.235124E-06
7.414207E-06
8.324958E-06
8.422429E-06
8.637531E-06
8.442044E-06
8.655498E-06
7.941366E-06
7.819659E-06
8.504196E-06
7.469826E-06
7.735109E-06
8.223798E-06
7.280396E-06
7.316816E-06
8.217117E-06
8.051452E-06
8.144067E-06
7.892246E-06
8.007315E-06
8.468189E-06
7.086026E-06
8.374346E-06
8.120261E-06
7.238059E-06
7.614032E-06
8.205997E-06
7.506111E-06
7.516111E-06
8.207582E-06
7.702334E-06
8.845488E-06
8.258776E-06
7.710219E-06
7.627785E-06
7.073684E-06
7.375515E-06
7.943105E-06
6.836566E-06
7.59206E-06
7.84858E-06
7.429584E-06
7.330676E-06
7.504388E-06
7.400885E-06
7.13776E-06
7.26296E-06
6.988753E-06
7.12967E-06
6.273677E-06
6.62359E-06
7.624106E-06
6.92422E-06
6.72873E-06
6.936478E-06
7.156924E-06
7.274893E-06
7.184231E-06
7.185769E-06
6.968623E-06
8.241925E-06
7.132241E-06
7.000793E-06
6.606667E-06
7.445226E-06
7.345251E-06
6.748453E-06
7.296566E-06
6.630999E-06
7.367568E-06
7.34431E-06
7.022664E-06
6.517271E-06
7.182769E-06
6.869995E-06
7.586405E-06
7.776636E-06
6.761E-06
6.688848E-06
7.992363E-06
6.628583E-06
7.018618E-06
6.385895E-06
6.769211E-06
6.679095E-06
7.199151E-06
7.000795E-06
7.186332E-06
7.249526E-06
6.955818E-06
7.030469E-06
5.842331E-06
7.238849E-06
6.412784E-06
6.424668E-06
6.319361E-06
6.49102E-06
6.862383E-06
6.066537E-06
6.648376E-06
6.780793E-06
5.581902E-06
6.514924E-06
6.618689E-06
5.961308E-06
6.814005E-06
6.617604E-06
6.692284E-06
6.480564E-06
6.161701E-06
7.046884E-06
6.707867E-06
6.58318E-06
6.175645E-06
7.545571E-06
6.083616E-06
6.666034E-06
5.972581E-06
6.639787E-06
6.307764E-06
5.974051E-06
6.322737E-06
6.32056E-06
6.191517E-06
6.315378E-06
6.762284E-06
6.583004E-06
5.680018E-06
6.22677E-06
6.624748E-06
5.84287E-06
6.856718E-06
6.511866E-06
6.715336E-06
6.476438E-06
6.591495E-06
6.217838E-06
5.367448E-06
5.928125E-06
6.075169E-06
5.663949E-06
6.261831E-06
6.445824E-06
6.695108E-06
6.227921E-06
6.201273E-06
7.047945E-06
6.366854E-06
5.909403E-06
5.964672E-06
6.067484E-06
6.447422E-06
6.071466E-06
6.229889E-06
6.093119E-06
5.946607E-06
5.849722E-06
6.492482E-06
6.10807E-06
5.811547E-06
5.461055E-06
6.101745E-06
6.240201E-06
5.445662E-06
6.050328E-06
5.868226E-06
6.02921E-06
6.004456E-06
5.658206E-06
5.563605E-06
5.319974E-06
5.809748E-06
5.869593E-06
5.984468E-06
6.318394E-06
6.0846E-06
6.28032E-06
5.877742E-06
5.114614E-06
5.569837E-06
5.803783E-06
6.040014E-06
6.230493E-06
5.565518E-06
5.466276E-06
6.104864E-06
5.881875E-06
5.779357E-06
5.118815E-06
5.450313E-06
6.111937E-06
6.298284E-06
5.773883E-06
5.645775E-06
6.449021E-06
5.7946E-06
6.299183E-06
5.334261E-06
6.182304E-06
6.429272E-06
5.236895E-06
5.387124E-06
5.488664E-06
5.770289E-06
5.773119E-06
5.992586E-06
5.378769E-06
5.336958E-06
5.503928E-06
5.655605E-06
5.561919E-06
6.053575E-06
5.513312E-06
5.151942E-06
5.67522E-06
5.792896E-06
5.047621E-06
5.760842E-06
5.193033E-06
5.198101E-06
4.699818E-06
5.22955E-06
5.768732E-06
5.456246E-06
5.683754E-06
5.589E-06
5.827828E-06
5.692744E-06
5.50423E-06
5.267552E-06
5.344609E-06
5.444978E-06
5.001406E-06
4.893113E-06
5.2459E-06
4.917724E-06
5.554888E-06
5.799926E-06
4.800357E-06
6.055654E-06
5.558259E-06
5.266159E-06
5.139261E-06
5.331704E-06
4.95124E-06
5.281966E-06
4.916375E-06
5.204827E-06
5.896254E-06
4.454193E-06
5.120335E-06
5.096399E-06
5.564746E-06
5.140399E-06
5.304269E-06
5.16826E-06
5.105533E-06
5.322988E-06
5.521861E-06
5.029758E-06
5.163188E-06
5.19867E-06
4.898287E-06
4.956071E-06
4.945338E-06
5.605591E-06
5.064425E-06
5.296487E-06
4.951163E-06
4.971571E-06
5.032226E-06
4.470682E-06
5.568845E-06
5.161398E-06
5.226259E-06
4.696423E-06
5.104329E-06
5.576754E-06
4.483432E-06
4.798604E-06
5.165111E-06
5.135402E-06
5.389604E-06
4.561567E-06
4.851576E-06
5.258537E-06
5.070983E-06
5.423635E-06
4.428306E-06
5.004006E-06
5.167735E-06
5.634904E-06
5.452024E-06
4.799601E-06
5.217189E-06
5.31182E-06
4.96436E-06
5.417291E-06
4.636818E-06
4.445879E-06
4.800581E-06
4.710712E-06
5.122543E-06
4.465307E-06
5.363256E-06
4.45566E-06
5.275647E-06
4.912571E-06
5.588937E-06
4.927806E-06
5.471402E-06
5.15959E-06
5.448162E-06
5.264294E-06
4.709953E-06
4.827602E-06
4.579408E-06
4.765366E-06
4.329593E-06
4.529817E-06
5.102649E-06
4.817808E-06
4.481373E-06
4.515113E-06
4.847392E-06
4.385079E-06
4.816637E-06
4.681996E-06
4.574315E-06
4.567258E-06
5.429176E-06
5.104008E-06
4.798276E-06
5.016241E-06
4.668274E-06
4.748466E-06
4.863541E-06
4.346911E-06
4.504358E-06
4.626951E-06
2.644455E-06
5.74242E-06
4.408589E-06
4.55003E-06
4.99194E-06
5.285357E-06
4.610634E-06
4.865742E-06
4.820082E-06
4.839535E-06
4.460309E-06
4.740528E-06
5.033769E-06
5.100001E-06
4.727652E-06
4.817316E-06
4.671633E-06
5.183749E-06
4.369982E-06
4.60956E-06
4.722962E-06
4.405819E-06
4.374016E-06
4.57728E-06
5.516345E-06
4.798504E-06
4.665781E-06
4.720083E-06
4.478519E-06
4.667731E-06
4.942526E-06
4.546003E-06
4.862648E-06
4.487495E-06
4.968562E-06
4.462723E-06
4.672442E-06
4.575256E-06
4.57107E-06
4.420224E-06
4.912959E-06
5.011315E-06
4.992462E-06
4.562298E-06
4.79645E-06
4.614068E-06
4.565422E-06
4.929971E-06
4.953145E-06
4.60144E-06
4.436411E-06
4.615936E-06
4.553229E-06
4.553532E-06
4.336934E-06
4.488346E-06
4.621679E-06
4.644648E-06
4.492358E-06
4.592441E-06
4.834867E-06
4.793473E-06
5.105522E-06
4.564381E-06
4.615924E-06
4.270619E-06
4.454953E-06
4.535251E-06
4.515948E-06
4.838904E-06
4.944827E-06
4.276976E-06
4.167475E-06
4.912813E-06
4.517954E-06
4.575661E-06
4.315579E-06
4.600246E-06
4.909421E-06
4.642671E-06
4.355036E-06
4.945643E-06
4.671981E-06
4.386895E-06
4.409825E-06
4.365549E-06
4.383853E-06
4.730527E-06
4.331215E-06
4.671231E-06
4.351526E-06
4.350951E-06
4.316223E-06
4.9142E-06
4.635104E-06
4.644715E-06
4.25699E-06
4.618304E-06
4.326597E-06
4.560144E-06
4.677684E-06
4.360772E-06
4.350557E-06
4.58673E-06
4.30456E-06
4.085626E-06
4.699159E-06
4.691335E-06
3.836165E-06
4.301799E-06
3.965738E-06
4.630118E-06
4.133821E-06
4.401281E-06
4.504323E-06
4.588172E-06
4.301624E-06
4.026647E-06
4.483733E-06
4.344065E-06
3.985251E-06
4.637944E-06
4.544691E-06
4.497934E-06
4.717667E-06
4.098475E-06
3.957202E-06
4.405741E-06
4.660265E-06
4.393387E-06
4.510173E-06
4.56548E-06
4.480076E-06
3.986807E-06
4.49352E-06
4.579047E-06
4.283043E-06
4.35234E-06
4.178061E-06
4.365185E-06
4.512722E-06
4.377016E-06
4.36657E-06
4.629348E-06
4.599411E-06
4.348482E-06
4.281341E-06
4.494663E-06
4.314551E-06
4.615153E-06
4.376165E-06
4.080873E-06
4.24376E-06
4.225749E-06
4.424601E-06
5.029449E-06
4.136521E-06
4.274571E-06
4.355401E-06
4.299546E-06
4.404221E-06
4.773531E-06
4.348159E-06
4.233736E-06
4.348016E-06
4.600608E-06
4.788428E-06
5.266515E-06
4.144825E-06
4.940941E-06
4.903312E-06
3.891274E-06
4.4581E-06
4.599843E-06
4.213757E-06
4.058562E-06
4.665675E-06
4.180136E-06
4.352764E-06
4.313644E-06
4.296588E-06
3.800708E-06
4.127362E-06
4.114767E-06
4.961677E-06
4.103796E-06
4.044592E-06
4.104681E-06
4.041898E-06
4.33093E-06
4.308075E-06
4.406428E-06
4.643839E-06
4.161346E-06
4.30566E-06
4.574E-06
4.558548E-06
4.348125E-06
4.054325E-06
4.588085E-06
4.431647E-06
4.074661E-06
4.076384E-06
4.563311E-06
4.682183E-06
4.380322E-06
3.937047E-06
4.370514E-06
4.326805E-06
4.315308E-06
4.291825E-06
4.1203E-06
4.173739E-06
3.821874E-06
4.314915E-06
4.431036E-06
3.950871E-06
4.648159E-06
4.276452E-06
4.125492E-06
4.466983E-06
4.235175E-06
4.305732E-06
3.936531E-06
4.352745E-06
4.024929E-06
4.476293E-06
3.736975E-06
4.244885E-06
4.093909E-06
4.23279E-06
4.456835E-06
4.326832E-06
4.574452E-06
4.343889E-06
4.205942E-06
4.251457E-06
4.405218E-06
4.190686E-06
4.388856E-06
4.595888E-06
4.543198E-06
4.376156E-06
4.312024E-06
4.14705E-06
4.278997E-06
4.228585E-06
4.255085E-06
4.253148E-06
4.181278E-06
4.200392E-06
4.041163E-06
4.602088E-06
4.162466E-06
4.268589E-06
4.308156E-06
4.216316E-06
4.37347E-06
4.014447E-06
4.152774E-06
3.802205E-06
4.38303E-06
4.074391E-06
3.928609E-06
4.009085E-06
4.180781E-06
4.643986E-06
4.045103E-06
3.842198E-06
4.222039E-06
4.31054E-06
3.981931E-06
3.990915E-06
4.222479E-06
4.546742E-06
4.500427E-06
4.113884E-06
4.262376E-06
3.930839E-06
3.999298E-06
4.176421E-06
4.018411E-06
4.071518E-06
4.276324E-06
4.325107E-06
4.667486E-06
4.273072E-06
4.149153E-06
4.515218E-06
3.85489E-06
4.256955E-06
4.20332E-06
4.137418E-06
4.313084E-06
4.081652E-06
4.1131E-06
4.030229E-06
4.271733E-06
3.859285E-06
4.079259E-06
4.052913E-06
4.658808E-06
4.099311E-06
3.923114E-06
4.109047E-06
4.304298E-06
4.444392E-06
4.428691E-06
4.217262E-06
4.0754E-06
4.228103E-06
3.937566E-06
3.992909E-06
4.300849E-06
4.401428E-06
4.435339E-06
3.770524E-06
4.12617E-06
4.088603E-06
4.081772E-06
4.349586E-06
4.197501E-06
4.350678E-06
4.182183E-06
4.166707E-06
4.127509E-06
4.336516E-06
4.379549E-06
4.208313E-06
4.113049E-06
4.062109E-06
4.197046E-06
4.147102E-06
3.60401E-06
4.373208E-06
0
0.001171592
0.001817275
0.002373704
0.003448958
0.004919913
0.01433549
0.01755244
0.0144401
0.006211709
0.01283079
0.01087839
0.008317809
0.006496549
0.004911758
0.002141739
0.001900593
0.001496739
0.0005608897
0.0003004808
0.001030497
0.000660245
0.0009212801
0.0005078185
0.0002339193
0.0005379769
0.0005232617
0.0002638386
0.000345758
0.0007584843
0.0005869028
0.0003261882
0.0003694971
0.0003940106
0.0004666958
0.0004276668
0.0001282774
0.0001202763
6.125444E-05
0.0003275782
0.000131087
1.104059E-05
0.0001305529
0.0001076338
0.0004772012
0.0004910127
0.0001670424
0.0002139389
0.0002068259
6.873487E-05
0.0001404857
0.000179404
0.0002091417
0.0001577948
0.0001649642
0.0005905511
0.0001410753
0.0001171483
0.0002027285
0.0002665247
9.504719E-05
0.0001451397
0.0001699006
0.0001327429
6.362256E-05
0.0001748049
0.0003633104
0.0002628771
0.0003817221
3.093019E-05
5.706509E-06
2.280341E-05
0.0001346197
4.646008E-05
2.620621E-05
2.307506E-05
0.0001209711
3.155019E-05
0.0001186174
9.792679E-05
0.0001386814
0.0001005701
0.0001286946
0.0001986963
8.784715E-05
0.0002122169
0.0001153788
0.0001378425
2.916108E-05
0.0001665281
8.631282E-05
0.0002118979
6.343943E-05
8.767085E-05
9.49145E-05
8.649621E-05
6.194095E-05
7.753381E-05
0.0002403519
0.0001571848
6.511437E-05
0.0002044219
1.592702E-05
6.142017E-05
9.996876E-05
0.0001203274
7.540205E-05
9.914141E-05
6.595281E-05
2.816045E-05
4.740963E-05
6.402386E-05
6.174357E-05
5.223837E-05
3.058132E-05
3.4178E-05
1.641805E-05
7.424052E-05
2.578817E-05
4.935615E-05
3.764121E-05
5.477849E-05
0.0001158399
3.065964E-05
3.388629E-05
3.51922E-05
4.678148E-05
1.190327E-05
4.707925E-05
0.0001233955
1.457788E-05
3.097802E-05
6.594668E-05
3.580988E-05
5.022704E-05
6.315468E-05
5.512488E-05
3.830627E-06
6.974412E-05
4.57259E-05
5.011104E-05
6.467041E-05
4.296591E-05
2.893266E-05
2.320699E-05
4.383233E-05
5.641139E-05
6.095682E-05
4.851364E-05
5.920809E-05
7.792911E-05
4.701924E-05
3.205202E-05
4.15709E-05
5.124048E-05
3.174597E-05
6.429228E-05
4.829171E-05
1.305506E-05
3.13569E-05
3.97749E-05
5.015865E-05
4.316798E-05
6.605943E-05
1.225694E-05
4.072776E-05
3.810716E-05
6.354383E-05
8.219095E-05
6.861627E-05
7.94806E-05
6.697025E-05
2.855333E-05
2.271545E-05
4.580262E-05
2.82572E-05
1.179741E-05
2.583913E-05
2.622707E-06
5.468196E-05
0.0001152542
1.596392E-05
1.613045E-05
7.295744E-05
3.096626E-05
4.612063E-06
3.987284E-05
4.100449E-05
2.435479E-05
3.031949E-05
1.376399E-05
4.740057E-05
1.098246E-05
2.638533E-05
1.528737E-05
2.940212E-05
1.348376E-05
1.767038E-05
2.078232E-05
5.706575E-05
3.020652E-05
2.662686E-05
2.705343E-05
5.057417E-05
8.201288E-05
4.605099E-05
4.033463E-05
1.303505E-05
2.605978E-05
1.532023E-05
1.094116E-05
6.850803E-05
4.728841E-05
2.569633E-05
2.059872E-05
3.350715E-05
6.48949E-05
0.0001030184
6.762514E-05
1.243781E-05
7.807965E-05
1.465585E-05
6.779396E-05
5.183895E-05
6.192436E-05
2.250796E-05
4.255338E-05
2.486032E-05
2.559496E-05
5.924458E-06
6.380081E-05
1.456693E-05
6.233884E-05
3.74392E-05
3.433607E-05
5.568568E-05
2.861482E-05
5.123937E-05
2.201046E-06
2.597267E-05
1.879914E-05
2.478595E-05
4.834109E-05
8.277508E-06
4.107955E-05
5.956241E-05
1.541684E-05
1.113645E-05
1.060585E-05
3.918364E-05
2.207858E-05
2.070464E-05
1.54016E-05
3.354384E-05
1.048117E-05
1.38444E-05
2.307806E-05
1.826263E-05
1.986635E-05
1.280432E-05
1.234794E-05
2.727705E-05
2.203577E-05
3.51674E-05
6.282916E-05
8.977162E-06
4.056299E-05
1.695112E-05
5.164441E-05
1.036261E-05
1.393954E-05
3.548708E-07
7.32923E-06
1.696529E-05
1.43313E-05
1.682377E-05
1.291092E-05
3.402261E-05
3.422848E-05
3.773532E-05
3.89697E-05
3.020933E-05
2.930845E-06
2.120934E-05
1.781798E-05
1.664916E-05
1.904609E-05
1.664586E-05
1.777743E-05
7.556425E-06
2.552419E-05
4.867804E-05
6.577134E-06
8.67039E-06
6.680787E-06
8.838414E-06
9.988185E-06
9.055383E-06
2.973677E-06
7.432245E-06
1.287023E-05
1.005973E-05
1.181684E-05
9.917984E-07
1.416429E-05
1.143215E-05
1.212085E-05
1.090859E-05
1.081432E-05
9.844262E-06
1.359422E-05
1.004299E-05
9.595557E-06
1.173193E-05
1.093426E-05
8.327035E-06
1.180162E-05
9.86643E-06
1.187971E-05
1.060922E-05
9.742698E-06
1.051579E-05
9.326242E-06
1.016305E-05
1.063237E-05
1.080354E-05
1.027143E-05
1.027266E-05
1.009104E-05
1.057294E-05
1.010405E-05
9.843575E-06
9.492836E-06
9.427811E-06
9.385079E-06
1.16121E-05
9.464677E-06
9.093893E-06
1.005924E-05
9.682355E-06
9.543321E-06
9.566239E-06
1.021921E-05
1.080517E-05
1.028684E-05
1.14549E-05
1.080386E-05
7.831249E-06
1.033083E-05
1.009883E-05
9.621781E-06
1.033636E-05
1.011596E-05
1.048109E-05
9.174059E-06
9.418025E-06
1.038488E-05
9.674101E-06
8.613327E-06
9.301134E-06
8.991527E-06
1.069017E-05
9.278956E-06
9.371307E-06
9.200547E-06
1.020218E-05
9.246831E-06
1.053814E-05
9.291782E-06
8.531453E-06
1.09638E-05
9.067811E-06
8.622384E-06
8.808009E-06
9.466967E-06
9.127961E-06
9.327272E-06
1.054114E-05
9.191208E-06
9.427386E-06
9.692695E-06
9.851187E-06
1.059803E-05
1.046155E-05
8.008201E-06
7.956838E-06
1.00792E-05
7.381238E-06
9.148584E-06
7.322488E-06
9.287905E-06
8.66472E-06
9.190175E-06
8.997612E-06
9.013904E-06
7.692695E-06
8.969611E-06
7.077147E-06
8.760424E-06
7.740099E-06
8.955059E-06
7.332677E-06
9.617472E-06
9.14428E-06
7.746731E-06
8.966926E-06
9.258993E-06
9.389203E-06
8.660949E-06
7.516155E-06
9.144699E-06
8.751924E-06
7.308025E-06
8.278611E-06
8.14008E-06
8.311389E-06
7.888315E-06
7.860687E-06
8.729927E-06
8.331482E-06
7.478792E-06
8.281472E-06
7.707486E-06
7.659448E-06
7.952356E-06
7.307199E-06
8.098833E-06
7.690592E-06
8.609749E-06
7.976661E-06
9.148488E-06
8.653171E-06
8.86423E-06
7.03937E-06
9.27292E-06
6.213818E-06
7.732871E-06
8.229537E-06
7.984992E-06
7.78432E-06
8.428599E-06
7.082054E-06
9.269175E-06
8.764333E-06
9.167578E-06
8.620757E-06
7.74557E-06
7.559564E-06
7.350935E-06
7.73776E-06
7.694972E-06
7.311179E-06
7.607906E-06
8.020875E-06
7.170691E-06
7.129343E-06
7.504909E-06
9.648191E-06
6.754624E-06
7.711601E-06
7.779321E-06
7.105588E-06
6.669829E-06
7.266107E-06
7.003965E-06
8.25979E-06
7.425099E-06
7.740454E-06
7.95518E-06
7.527333E-06
7.663233E-06
8.08266E-06
8.164747E-06
6.661494E-06
7.414583E-06
7.633122E-06
7.822207E-06
8.189953E-06
7.594265E-06
6.992635E-06
7.605556E-06
7.544044E-06
7.875707E-06
7.433225E-06
8.107054E-06
6.681542E-06
7.11643E-06
7.238602E-06
7.56775E-06
7.974711E-06
7.219005E-06
7.351244E-06
7.14533E-06
6.954452E-06
7.517067E-06
7.191735E-06
6.739932E-06
7.977571E-06
6.660877E-06
7.174089E-06
6.814385E-06
6.915652E-06
6.680732E-06
7.222501E-06
6.922486E-06
6.997518E-06
7.241315E-06
7.312974E-06
7.52869E-06
7.066911E-06
7.606002E-06
6.349824E-06
6.117004E-06
7.342667E-06
6.788892E-06
7.570834E-06
6.579841E-06
7.667654E-06
6.598983E-06
7.264784E-06
6.937693E-06
6.98758E-06
8.126363E-06
5.944707E-06
6.542848E-06
6.393772E-06
5.829122E-06
7.432714E-06
6.401453E-06
6.953665E-06
6.145096E-06
6.928495E-06
6.511649E-06
6.582277E-06
6.764128E-06
6.897027E-06
6.93791E-06
5.836048E-06
6.616633E-06
6.722603E-06
7.39462E-06
6.506307E-06
7.003921E-06
7.035366E-06
6.375139E-06
6.275093E-06
6.52348E-06
6.653776E-06
7.186034E-06
6.786636E-06
5.582315E-06
6.111852E-06
7.293924E-06
6.051564E-06
6.108581E-06
6.196798E-06
6.9168E-06
7.021265E-06
7.180319E-06
6.723672E-06
6.533243E-06
6.041565E-06
6.514417E-06
6.133284E-06
6.727973E-06
6.670168E-06
7.092571E-06
5.805265E-06
7.162521E-06
6.665106E-06
6.928416E-06
6.672362E-06
6.156649E-06
7.05275E-06
6.072778E-06
6.52091E-06
6.96225E-06
6.443187E-06
6.249184E-06
6.080062E-06
6.308132E-06
6.056773E-06
6.138338E-06
6.21947E-06
6.831482E-06
6.857696E-06
6.044673E-06
6.542462E-06
6.324065E-06
6.242923E-06
5.80047E-06
6.606656E-06
6.157934E-06
6.089163E-06
5.866147E-06
5.890875E-06
6.420424E-06
5.838347E-06
6.758266E-06
5.83099E-06
5.792967E-06
6.003005E-06
6.018844E-06
6.613688E-06
6.729437E-06
6.345434E-06
6.13731E-06
6.141725E-06
7.25221E-06
6.259966E-06
6.029397E-06
5.903394E-06
6.034534E-06
5.846479E-06
6.266844E-06
6.323036E-06
5.725627E-06
6.095825E-06
6.325797E-06
6.412025E-06
6.368466E-06
6.087129E-06
6.315952E-06
6.22893E-06
5.590688E-06
5.426226E-06
6.048095E-06
6.060784E-06
5.58527E-06
6.539257E-06
6.249477E-06
6.669223E-06
5.679347E-06
6.30228E-06
5.860195E-06
5.559719E-06
5.914751E-06
5.922279E-06
6.357292E-06
5.686438E-06
6.300695E-06
6.468631E-06
6.576174E-06
6.028629E-06
5.769244E-06
6.278136E-06
6.146684E-06
5.600118E-06
5.680947E-06
5.935638E-06
6.356267E-06
5.423071E-06
6.23881E-06
6.081515E-06
6.466628E-06
5.906758E-06
5.711067E-06
6.515866E-06
6.216097E-06
5.885741E-06
6.085952E-06
5.348725E-06
5.565121E-06
6.46475E-06
5.122225E-06
6.29763E-06
5.858821E-06
5.383737E-06
5.538873E-06
5.936578E-06
5.883576E-06
5.888196E-06
5.614466E-06
5.477396E-06
6.147548E-06
5.296142E-06
6.660141E-06
4.020971E-06
6.185244E-06
7.31148E-06
5.902475E-06
5.984257E-06
5.783325E-06
5.997278E-06
5.481538E-06
5.968899E-06
5.409619E-06
4.666062E-06
7.708216E-06
1.439687E-06
8.079923E-06
6.104E-06
3.775644E-06
8.949605E-06
6.944992E-06
5.963459E-06
4.205511E-06
5.910505E-06
5.265584E-06
5.180936E-06
5.627676E-06
5.918019E-06
6.07633E-06
5.646959E-06
6.29296E-06
5.81429E-06
6.003538E-06
5.843072E-06
5.674246E-06
5.32377E-06
5.309641E-06
5.347433E-06
5.499346E-06
5.687668E-06
6.029591E-06
5.459385E-06
5.007251E-06
5.750922E-06
5.646838E-06
5.193943E-06
5.793142E-06
5.412151E-06
5.935436E-06
5.746808E-06
5.798054E-06
5.590659E-06
5.085275E-06
5.474888E-06
5.834854E-06
5.236157E-06
5.763163E-06
5.440624E-06
5.649231E-06
5.174989E-06
6.448693E-06
5.156498E-06
5.770625E-06
5.376145E-06
4.873503E-06
5.41703E-06
5.202544E-06
5.634095E-06
5.479729E-06
5.638324E-06
4.908381E-06
4.826627E-06
5.42117E-06
4.997634E-06
5.633306E-06
5.413474E-06
6.097784E-06
5.479647E-06
5.487785E-06
5.551954E-06
5.463306E-06
5.281338E-06
5.377184E-06
6.114901E-06
5.532902E-06
5.496777E-06
5.278619E-06
5.525135E-06
5.43846E-06
5.026542E-06
5.410024E-06
5.303378E-06
5.942293E-06
5.491011E-06
5.303074E-06
5.784878E-06
5.547428E-06
5.38482E-06
5.477881E-06
5.701818E-06
5.553263E-06
5.31872E-06
5.392131E-06
5.473864E-06
5.22441E-06
5.271682E-06
5.496038E-06
5.904605E-06
5.57402E-06
5.238874E-06
5.725349E-06
5.615721E-06
5.361853E-06
5.537051E-06
5.453601E-06
5.07043E-06
4.750108E-06
4.902891E-06
5.391575E-06
5.671413E-06
5.42409E-06
5.415663E-06
5.474048E-06
5.496358E-06
5.152414E-06
5.575421E-06
5.152417E-06
5.175453E-06
5.517252E-06
5.293065E-06
5.336742E-06
5.101045E-06
5.86285E-06
5.499235E-06
5.341903E-06
5.152403E-06
5.504196E-06
5.381708E-06
5.184695E-06
5.112469E-06
5.774325E-06
5.477884E-06
5.516246E-06
4.70091E-06
5.779561E-06
5.573042E-06
4.909981E-06
5.29696E-06
5.615701E-06
5.460434E-06
5.014036E-06
4.887967E-06
5.308371E-06
4.602529E-06
5.142706E-06
5.345108E-06
5.133639E-06
5.694872E-06
4.722966E-06
5.408482E-06
5.137308E-06
5.499077E-06
5.451863E-06
5.443208E-06
5.202882E-06
5.232538E-06
5.409349E-06
5.171509E-06
5.501938E-06
4.735038E-06
5.500334E-06
5.426028E-06
5.055394E-06
4.624595E-06
5.178174E-06
5.030307E-06
4.789295E-06
5.458491E-06
4.867618E-06
5.023956E-06
5.601148E-06
4.339379E-06
6.551798E-06
5.178116E-06
5.071199E-06
6.153927E-06
5.180505E-06
4.820421E-06
4.5703E-06
5.153869E-06
5.229248E-06
5.29182E-06
5.275028E-06
5.592921E-06
5.315747E-06
5.370999E-06
5.822837E-06
4.72283E-06
5.217898E-06
5.043131E-06
4.933245E-06
4.716089E-06
5.126278E-06
4.660781E-06
5.032238E-06
5.0618E-06
4.912732E-06
5.106374E-06
4.996728E-06
5.115347E-06
5.155347E-06
5.010235E-06
5.164861E-06
5.098575E-06
5.516799E-06
4.893158E-06
5.31624E-06
4.743404E-06
5.047795E-06
5.245272E-06
4.853041E-06
4.988342E-06
5.147221E-06
5.078577E-06
5.026126E-06
4.78435E-06
5.905149E-06
4.650286E-06
4.979501E-06
4.704696E-06
4.997822E-06
5.325509E-06
5.152759E-06
5.289571E-06
5.314664E-06
5.254624E-06
4.639536E-06
5.01085E-06
5.374631E-06
5.235827E-06
5.818233E-06
5.18213E-06
5.49244E-06
5.007935E-06
5.319153E-06
5.006872E-06
4.964168E-06
5.031767E-06
5.377408E-06
5.332012E-06
5.07805E-06
5.071973E-06
5.096379E-06
5.119055E-06
4.890824E-06
4.87142E-06
5.113563E-06
5.10349E-06
5.51563E-06
4.835002E-06
4.929011E-06
5.239712E-06
4.955232E-06
5.329123E-06
5.232495E-06
5.207853E-06
4.796435E-06
5.041578E-06
4.893719E-06
4.966994E-06
4.720793E-06
4.910107E-06
5.081374E-06
5.508999E-06
4.963633E-06
5.017087E-06
5.077618E-06
4.739577E-06
5.072565E-06
5.025895E-06
4.967877E-06
4.721408E-06
4.67696E-06
4.926219E-06
5.209522E-06
5.121099E-06
5.002201E-06
4.913019E-06
5.233699E-06
5.081818E-06
4.855387E-06
4.934504E-06
4.996369E-06
4.888405E-06
5.160812E-06
4.815834E-06
5.311738E-06
5.162241E-06
5.473953E-06
5.182594E-06
4.776358E-06
4.961798E-06
5.287844E-06
5.113149E-06
5.106873E-06
5.288429E-06
5.52287E-06
4.88147E-06
4.897842E-06
4.465648E-06
5.705451E-06
4.954595E-06
4.773503E-06
5.13313E-06
5.161215E-06
5.056791E-06
4.630727E-06
4.865214E-06
5.20824E-06
4.603364E-06
5.183672E-06
4.843683E-06
5.215663E-06
5.294155E-06
4.829033E-06
5.287847E-06
5.065504E-06
5.151421E-06
5.121218E-06
5.166006E-06
4.867168E-06
4.964717E-06
5.023055E-06
4.659587E-06
4.903427E-06
4.658442E-06
4.739959E-06
4.747683E-06
4.962567E-06
4.345628E-06
5.282305E-06
5.013137E-06
4.895933E-06
5.426361E-06
4.90984E-06
5.076645E-06
5.24775E-06
5.019263E-06
5.198894E-06
4.682328E-06
0
