0.001011979
0.0002840461
0.0004964507
0.002610601
0.003965043
0.00637769
0.002292
0.001067849
0.003897546
0.006004644
0.001379816
0.002929852
0.002198058
0.002942874
0.0004018273
0.001536174
0.001457108
0.0006583914
0.0005946908
0.001018034
0.0005477016
0.0001027998
0.0006842962
0.0005370692
0.0005502283
0.0004508931
0.0004621932
0.0008258191
5.904288E-05
0.0002276425
0.0001511759
0.0005535693
0.000611657
0.0001462209
0.0002987438
0.0004070761
0.0001224559
0.0001487623
0.0002683174
0.000234077
0.0002905697
0.0002050312
0.0001013893
0.0002072209
0.0003019639
0.0001947315
8.568542E-05
0.000126964
0.0001514526
0.0002100366
0.0001394967
0.0003756265
0.000136071
0.0001920387
0.0003621792
0.0004284489
0.0001110017
0.0001397585
0.0002468831
1.006933E-05
0.0001155623
0.0003066706
0.0003601222
0.0001791492
0.0001917975
4.6768E-05
0.0002854728
0.0002752953
0.0002142092
0.0007489832
0.0004955099
0.0001142531
0.0001066465
4.191846E-05
0.0002017566
0.0001407003
0.0002179406
7.74299E-05
8.532745E-05
7.68351E-05
4.585379E-05
0.0004564173
0.0001478743
0.0003557418
0.0001389312
0.0001516744
0.000120033
4.414525E-05
9.130493E-05
0.0001503449
3.138292E-05
0.0002435476
0.0002224157
6.722497E-05
0.0001764047
7.650859E-05
0.0001687354
0.0001646246
0.0001954677
8.475101E-05
0.0002300619
8.508719E-05
1.346537E-05
4.748588E-05
9.036677E-05
9.785539E-05
0.0001315561
3.135773E-05
6.341848E-05
0.000125099
5.904033E-05
6.400009E-05
0.000129772
0.0001923672
8.913325E-05
8.784682E-05
0.0001319412
2.723541E-05
0.0001112846
1.257803E-05
9.146747E-05
0.0001824847
0.0002158643
6.18205E-05
4.37397E-05
0.0002441301
6.531629E-05
4.604025E-05
0.0001339225
0.0001276304
5.391179E-05
0.0001312809
7.542926E-05
1.574386E-05
4.004787E-05
0.000101514
0.0001349852
3.248618E-05
8.946016E-06
8.298877E-05
3.061747E-05
4.42541E-05
1.278469E-05
3.327149E-05
2.561478E-05
6.662556E-06
6.152096E-05
5.806891E-05
0.0001134366
5.00288E-05
7.440184E-05
0.0001197885
8.63926E-05
0.0001393685
0.0001049288
8.932835E-05
7.724794E-05
6.145811E-05
2.142103E-05
2.642917E-05
1.153132E-05
3.656216E-05
1.10782E-05
9.514364E-06
1.684842E-05
2.602162E-05
1.738845E-05
2.432464E-05
1.638758E-05
4.159787E-05
3.454735E-05
3.942293E-05
4.710196E-05
2.826689E-05
3.423668E-05
4.108502E-05
1.936976E-05
3.180752E-05
4.906993E-05
1.85455E-05
1.239056E-05
6.146717E-05
6.301612E-05
6.050798E-05
4.54158E-05
5.077862E-05
1.768966E-05
3.808317E-05
3.254959E-05
4.885378E-05
4.510818E-05
8.220643E-05
2.972251E-05
2.648139E-05
6.392274E-05
1.962908E-05
6.109028E-05
2.45524E-05
3.127678E-05
8.795198E-05
2.426091E-05
4.539505E-05
3.296441E-05
6.410696E-05
2.536773E-05
1.108425E-05
3.819515E-05
2.047561E-05
3.121625E-05
7.901673E-05
3.420307E-05
4.066264E-05
3.064206E-05
2.332799E-05
1.506077E-05
2.961255E-05
1.045337E-05
2.189219E-05
1.445384E-05
2.268649E-05
2.482969E-05
4.938782E-05
3.104468E-05
5.232838E-05
2.850843E-05
5.069284E-06
3.128067E-05
2.393778E-05
2.729334E-06
1.959499E-05
1.965672E-05
2.052307E-05
4.531779E-05
2.8612E-05
1.920165E-05
3.016833E-05
3.859035E-05
8.354142E-05
1.173505E-05
2.960068E-05
2.923487E-05
1.963105E-05
9.563402E-06
1.812229E-05
2.603524E-05
6.377772E-05
5.239738E-05
7.353683E-06
7.216225E-05
4.448846E-05
7.420999E-06
4.107507E-05
4.173229E-05
4.087186E-05
3.231676E-05
2.266694E-05
3.247317E-05
4.34633E-05
4.285639E-05
3.582186E-05
1.765462E-05
3.494923E-06
1.77423E-05
2.557272E-05
2.160908E-05
2.775369E-05
4.781076E-05
3.274847E-05
2.614185E-05
1.30469E-05
4.677448E-05
7.875846E-05
4.325715E-05
1.834507E-05
4.697385E-06
4.472142E-05
2.82246E-05
1.642433E-05
5.29566E-06
2.211498E-05
1.604599E-05
9.821872E-06
9.763222E-06
1.975341E-05
1.865367E-05
1.200562E-05
2.533208E-05
8.0845E-06
1.05374E-05
9.251152E-06
3.135737E-06
2.459733E-05
1.466308E-05
2.415481E-05
1.750977E-05
1.647052E-05
2.374129E-05
2.394555E-05
2.240386E-05
1.848624E-05
1.275683E-05
2.667539E-05
2.857394E-06
3.277492E-06
3.638968E-06
6.424144E-06
7.778161E-06
8.847219E-06
7.297031E-06
1.760136E-05
5.563216E-06
2.180793E-06
6.744689E-06
6.184426E-06
5.177816E-06
4.183513E-06
2.510491E-06
2.611128E-06
6.738941E-06
3.469196E-06
8.754847E-07
7.727707E-06
5.827996E-06
3.58906E-06
2.4583E-06
1.771115E-06
1.807109E-06
2.86252E-06
2.31938E-06
2.042224E-06
2.62095E-06
2.635946E-06
2.170295E-06
2.113986E-06
2.198685E-06
1.839422E-06
2.306718E-06
2.059837E-06
2.156173E-06
2.230561E-06
2.126183E-06
3.602183E-06
1.242801E-06
2.088391E-06
2.827403E-06
2.662724E-06
2.018988E-06
1.60991E-06
2.915894E-06
1.369326E-06
1.923629E-06
2.193285E-06
2.198E-06
1.840953E-06
1.706733E-06
1.549979E-06
1.341522E-06
2.926072E-06
2.932537E-06
1.424058E-06
2.969223E-06
1.548552E-06
2.908769E-06
1.134712E-06
1.792889E-06
1.916096E-06
3.164229E-07
2.962835E-06
1.322116E-06
1.19713E-06
2.113686E-06
1.452675E-06
1.708378E-06
2.121266E-06
1.991207E-06
1.978213E-06
3.306568E-06
1.440356E-06
2.360233E-06
2.302163E-06
2.683865E-06
2.202302E-06
3.325902E-06
2.152931E-06
2.018866E-06
2.421855E-06
2.653986E-06
1.885987E-06
2.134713E-06
3.082535E-06
2.296202E-06
2.111457E-06
2.835515E-06
3.057371E-06
1.372562E-06
2.212952E-06
1.272701E-06
2.521404E-06
2.97597E-06
1.443674E-06
1.855657E-06
1.545592E-06
3.842313E-06
2.339256E-06
9.152141E-07
8.790856E-07
1.001583E-06
3.228576E-06
2.552602E-06
2.318222E-06
2.642269E-06
2.559661E-06
3.172188E-06
7.981005E-07
3.320391E-06
1.475224E-06
3.958334E-07
1.431554E-06
9.593194E-07
1.652066E-06
2.050759E-06
2.436298E-06
2.772527E-06
2.674104E-06
6.842822E-07
2.221904E-06
2.313407E-06
7.955067E-07
1.870411E-06
8.987297E-07
1.279429E-06
2.401134E-06
1.073758E-06
1.68748E-06
2.399894E-06
2.653021E-06
1.770351E-06
5.395259E-06
2.455557E-06
1.152322E-06
8.644868E-07
6.859817E-07
3.97787E-06
1.580683E-06
9.133581E-07
2.322708E-06
1.882803E-06
1.835481E-06
2.094142E-06
1.125916E-06
1.716402E-06
1.202197E-06
6.978337E-07
2.475451E-06
1.96951E-06
8.130227E-07
2.551398E-06
2.261199E-06
2.562827E-06
5.408915E-07
2.465796E-06
1.933388E-06
9.539883E-07
3.443211E-06
1.847935E-06
2.547049E-06
2.076978E-06
3.062997E-06
1.044568E-06
1.359081E-06
1.990201E-06
2.424799E-06
1.291211E-06
1.278079E-06
1.916155E-06
1.970736E-06
1.632611E-06
7.347748E-07
1.556292E-06
1.313961E-06
1.242509E-06
1.403223E-06
1.47622E-06
1.928348E-06
2.593146E-06
1.096611E-06
9.46722E-07
1.516183E-06
1.160432E-06
1.477812E-06
1.485532E-06
1.659962E-06
1.453536E-06
1.820391E-06
1.780489E-06
1.477791E-06
2.030954E-06
1.405214E-06
1.519412E-06
1.619856E-06
1.246437E-06
1.679349E-06
1.904578E-06
1.805781E-06
1.507923E-06
2.088109E-06
1.839908E-06
1.704133E-06
1.352331E-06
1.704401E-06
1.920338E-06
1.589755E-06
1.587729E-06
1.265141E-06
1.421648E-06
1.364132E-06
1.107668E-06
1.610727E-06
1.655773E-06
1.608309E-06
1.932253E-06
1.841455E-06
7.345625E-07
1.175462E-06
1.361825E-06
1.871513E-06
1.823194E-06
9.656833E-07
1.851211E-06
1.925721E-06
1.690472E-06
1.191339E-06
1.258507E-06
2.279292E-06
1.581447E-06
1.476291E-06
1.841647E-06
1.432571E-06
1.034723E-06
1.071476E-06
1.232597E-06
1.968031E-06
1.699216E-06
1.041905E-06
1.555443E-06
1.636247E-06
1.332517E-06
1.810085E-06
1.668865E-06
1.336716E-06
1.852411E-06
2.117591E-06
1.294557E-06
1.528958E-06
7.721807E-07
1.52826E-06
1.414904E-06
1.278664E-06
1.659635E-06
1.253041E-06
7.991299E-07
1.202755E-06
1.373097E-06
1.619924E-06
1.84412E-06
1.369834E-06
1.786686E-06
2.401614E-06
2.056135E-06
1.086349E-06
1.307401E-06
1.241491E-06
1.793107E-06
2.016694E-06
1.832798E-06
1.069609E-06
1.989959E-06
1.11201E-06
1.646242E-06
1.290389E-06
1.93356E-06
9.227207E-07
1.060492E-06
1.552395E-06
1.107799E-06
1.627726E-06
1.618188E-06
1.863287E-06
1.562122E-06
1.994517E-06
7.69827E-07
1.829547E-06
1.517583E-06
1.050933E-06
1.174598E-06
7.132642E-08
1.584284E-06
1.631536E-06
1.744606E-06
1.791812E-06
1.656575E-06
1.019002E-06
1.52427E-06
1.723186E-06
6.149676E-07
4.119732E-07
1.139569E-06
1.119983E-06
2.205178E-06
1.076896E-06
1.453907E-06
1.538721E-06
1.146359E-06
1.592694E-06
1.240722E-06
8.191066E-07
1.158192E-06
1.252467E-06
1.340859E-06
1.816455E-06
1.712252E-06
1.317506E-06
1.666744E-06
1.3398E-06
1.587959E-06
8.617886E-07
1.508146E-06
1.321863E-06
1.745223E-06
1.757195E-06
1.001232E-06
1.652958E-06
1.536707E-06
1.838398E-06
1.017861E-06
1.06517E-06
1.357941E-06
1.357223E-06
1.209594E-06
1.16634E-06
1.439493E-06
1.67999E-06
9.2485E-07
1.363998E-06
1.014256E-06
1.012611E-06
5.519086E-07
1.277437E-06
1.476084E-06
1.624011E-06
1.851506E-06
1.101654E-06
1.101294E-06
8.786478E-07
9.878017E-07
1.063501E-06
1.947364E-06
1.862566E-06
1.648057E-06
1.267517E-06
1.385871E-06
8.719008E-07
1.298354E-06
1.196055E-06
1.332069E-06
1.52998E-06
9.914154E-07
9.116008E-07
1.283217E-06
1.481583E-06
1.346496E-06
1.551543E-06
1.466759E-06
8.290554E-07
1.409894E-06
1.346678E-06
1.696659E-06
7.628117E-07
1.191064E-06
9.960156E-07
1.135111E-06
1.588022E-06
1.295465E-06
1.300823E-06
1.17574E-06
8.509843E-07
2.341823E-06
1.357533E-06
1.195426E-06
8.800766E-07
1.198869E-06
1.935704E-06
2.687607E-06
3.388029E-07
1.936461E-06
2.119643E-06
1.200788E-06
1.036764E-06
1.292133E-06
1.61092E-06
1.026292E-06
1.264242E-06
1.699059E-06
1.263319E-06
5.309648E-07
1.296961E-06
1.203148E-06
1.126595E-06
1.479659E-06
1.122886E-06
1.229043E-06
1.241659E-06
1.262267E-06
1.629699E-06
1.310253E-06
1.289361E-06
1.3941E-06
1.429215E-06
1.083542E-06
1.091788E-06
1.153222E-06
1.036788E-06
1.06386E-06
1.229241E-06
9.733124E-07
1.164787E-06
8.549077E-07
1.13019E-06
1.623104E-06
1.504186E-06
1.177846E-06
9.553335E-07
1.345061E-06
1.191666E-06
1.151826E-06
1.097132E-06
9.482346E-07
8.57494E-07
1.220992E-06
1.681326E-06
1.174516E-06
1.173716E-06
1.037059E-06
1.366496E-06
1.061305E-06
7.963461E-07
9.967291E-07
9.446919E-07
1.314205E-06
1.038429E-06
1.04219E-06
1.213475E-06
1.177495E-06
1.385567E-06
9.813306E-07
1.224761E-06
7.418261E-07
1.168485E-06
9.061642E-07
7.73902E-07
1.253874E-06
1.00396E-06
1.411202E-06
1.195255E-06
7.723858E-07
1.193298E-06
1.35288E-06
8.325725E-07
1.047215E-06
1.324248E-06
9.067993E-07
8.394889E-07
1.154226E-06
1.171744E-06
1.477704E-06
8.352961E-07
9.106152E-07
9.474259E-07
1.248228E-06
1.443266E-06
8.395747E-07
1.177016E-06
1.407497E-06
1.371683E-06
1.450248E-06
1.716616E-06
1.416065E-06
1.295298E-06
1.592836E-06
1.186567E-06
1.384526E-06
1.153207E-06
1.362536E-06
1.29234E-06
1.108795E-06
1.249848E-06
1.329361E-06
1.201121E-06
1.034999E-06
1.146577E-06
9.925394E-07
8.020471E-07
1.179705E-06
1.293803E-06
1.181394E-06
9.501869E-07
1.050826E-06
1.423046E-06
8.701216E-07
1.026156E-06
8.782587E-07
9.101985E-07
8.198626E-07
1.375551E-06
1.389468E-06
1.349196E-06
1.438966E-06
8.489595E-07
1.378748E-06
8.184811E-07
1.162386E-06
1.141097E-06
1.440079E-06
7.136787E-07
8.383816E-07
9.351393E-07
1.069852E-06
7.882377E-07
1.241419E-06
1.383578E-06
1.349869E-06
1.336177E-06
7.012814E-07
8.052922E-07
1.690639E-06
6.016522E-07
1.044399E-06
1.12817E-06
9.604171E-07
1.0294E-06
1.470109E-06
1.456588E-06
1.330011E-06
1.20416E-06
1.370996E-06
1.410266E-06
1.187922E-06
1.301464E-06
9.217723E-07
1.161322E-06
1.096594E-06
5.453255E-07
1.368231E-06
1.147353E-06
1.299197E-06
1.049069E-06
1.41946E-06
1.324963E-06
1.511818E-06
6.129089E-07
1.576261E-06
1.318283E-06
8.788904E-07
1.169168E-06
1.029203E-06
1.45708E-06
9.572158E-07
1.097867E-06
1.42797E-06
1.097844E-06
7.171934E-07
1.307275E-06
1.028218E-06
9.044755E-07
1.220628E-06
1.115672E-06
1.270893E-06
1.162347E-06
1.470369E-06
1.158728E-06
1.384747E-06
1.022888E-06
1.118836E-06
1.200139E-06
6.689117E-07
8.220851E-07
1.054517E-06
1.131524E-06
9.919632E-07
1.434896E-06
1.194831E-06
1.323128E-06
1.173847E-06
1.122951E-06
1.530179E-06
9.489887E-07
1.060327E-06
9.498075E-07
1.040005E-06
1.149112E-06
1.014506E-06
1.018494E-06
1.006746E-06
8.416451E-07
1.24007E-06
1.137606E-06
9.40011E-07
1.062774E-06
1.005258E-06
1.156826E-06
9.640094E-07
9.40887E-07
1.009838E-06
1.189697E-06
1.234041E-06
9.968654E-07
9.996394E-07
9.472441E-07
9.208339E-07
8.779763E-07
1.123822E-06
1.133497E-06
1.073706E-06
1.321075E-06
9.360583E-07
1.182299E-06
1.172991E-06
1.04873E-06
1.115598E-06
8.383695E-07
8.321668E-07
1.122462E-06
1.339329E-06
1.012095E-06
1.239583E-06
1.391411E-06
1.173568E-06
9.893954E-07
1.260664E-06
1.032451E-06
1.298484E-06
6.916176E-07
1.101188E-06
9.882434E-07
1.327355E-06
1.107018E-06
1.071164E-06
1.346225E-06
1.354731E-06
1.288027E-06
1.4598E-06
1.339064E-06
1.091247E-06
9.569146E-07
1.11946E-06
8.959993E-07
9.968011E-07
1.157854E-06
1.076961E-06
1.157566E-06
1.102548E-06
1.1189E-06
1.312718E-06
9.40004E-07
9.06142E-07
9.546789E-07
9.037561E-07
9.263254E-07
1.196676E-06
1.162372E-06
9.713311E-07
9.118738E-07
1.06646E-06
1.214654E-06
8.702876E-07
9.910725E-07
9.543264E-07
9.992655E-07
1.076508E-06
1.125496E-06
1.154932E-06
1.079282E-06
9.876729E-07
8.414775E-07
1.105358E-06
7.420913E-07
1.054333E-06
6.941103E-07
1.033755E-06
6.983444E-07
1.033118E-06
1.19031E-06
1.02489E-06
1.316507E-06
1.253166E-06
1.336142E-06
1.198701E-06
1.036359E-06
4.949648E-07
1.000229E-06
1.338861E-06
5.891747E-07
1.314642E-06
1.020357E-06
1.309227E-06
1.365999E-06
1.421312E-06
1.355002E-06
1.273221E-06
1.031976E-06
1.046327E-06
1.168657E-06
7.214295E-07
9.108959E-07
1.06266E-06
1.10977E-06
7.478963E-07
1.094115E-06
1.184811E-06
1.222261E-06
9.627648E-07
1.029367E-06
1.391568E-06
0
