8.56683E-05
8.109943E-05
0.0004672866
0.001146214
0.006900644
0.01633396
0.008216498
0.006114285
0.004138429
0.004032415
0.006683853
0.008690513
0.00520003
0.001771103
0.001553636
0.0008702778
0.001291093
0.0006467214
0.0003405911
0.0002304032
0.001725936
0.0006761516
0.0009478946
0.0006123231
0.0006682824
0.0007541655
0.0004473802
0.0008430168
0.0006972998
0.000417888
0.0002016736
0.0005592364
0.0001787993
0.0003622567
0.0002248573
0.0001300603
0.0003758726
0.0001773143
9.135663E-05
7.705559E-05
0.0001268702
0.0001548374
8.637231E-05
0.0003708205
9.554379E-05
0.0004318974
0.0002751873
9.871794E-05
0.0002404494
0.0002594001
0.0002556755
0.0002515903
0.0002913561
0.0001409717
0.0001007483
0.0003555488
0.000244513
0.0003830625
0.0001602494
0.0001050368
0.0001753542
0.0001947461
0.0002349299
0.0001898622
0.0002279776
0.0001318025
2.055487E-05
0.0001513661
0.0003740203
0.00033828
0.0001552446
0.000117282
0.0001147469
0.0001416037
0.0001469389
0.0001362612
0.0001380849
0.0003775171
0.0001098226
0.0001697942
0.0001744749
0.0001088429
0.0001969082
0.0001474469
0.00015663
0.0001082745
0.0001561595
6.638221E-05
0.0001521297
0.0001078199
0.0001054591
0.0001034906
0.0001091843
0.0001183468
0.000111171
1.454646E-05
7.191301E-05
8.264335E-05
0.0001158752
6.304813E-05
8.93031E-05
8.29866E-05
0.0001166408
6.638185E-05
6.569854E-05
8.43338E-05
9.814437E-05
0.0001015719
8.759386E-05
8.724878E-05
9.454288E-05
8.485327E-05
9.756943E-05
5.348085E-05
7.068591E-05
7.480937E-05
7.799626E-05
7.289605E-05
1.892728E-05
5.259808E-05
6.454292E-05
6.877915E-05
0.0001057699
7.983056E-05
6.240193E-05
5.948954E-05
6.200172E-05
6.18777E-05
7.089615E-05
2.947878E-05
2.665003E-05
0.0001449084
0.0001347461
7.839074E-05
5.709075E-05
8.297597E-05
7.995432E-05
9.384542E-05
8.073872E-05
4.651476E-05
6.399419E-05
5.525046E-05
7.446229E-05
7.542572E-05
0.0001355431
0.0001063005
4.523437E-05
7.8409E-05
7.832672E-05
7.429471E-05
6.749621E-05
8.965512E-05
2.716912E-05
7.794262E-05
7.411257E-05
4.05498E-05
6.864488E-05
6.468582E-05
7.244192E-05
2.253885E-05
3.069631E-05
7.947558E-05
7.211798E-05
6.230675E-05
4.320302E-05
3.431442E-05
4.471467E-05
3.780256E-05
4.374253E-05
7.139135E-05
2.208686E-05
5.157464E-05
4.108564E-05
5.156137E-05
4.360867E-05
8.671309E-05
7.478476E-05
7.945376E-05
6.475738E-05
2.757098E-05
7.991236E-05
5.763696E-05
3.977093E-05
2.834779E-05
5.553107E-05
5.618324E-05
6.126777E-05
1.583401E-05
3.298586E-05
3.653554E-05
5.090174E-05
6.224938E-05
3.107843E-05
3.76941E-05
3.935397E-05
3.830117E-05
3.358654E-05
5.706479E-05
3.11857E-05
5.945388E-05
6.27227E-05
4.697771E-05
2.255103E-05
5.884903E-05
3.764196E-05
4.335535E-05
5.076173E-05
4.602977E-05
5.993839E-05
4.794132E-05
4.763376E-05
2.327522E-05
5.510706E-05
3.511299E-05
3.84493E-05
2.829735E-05
7.230284E-05
2.358003E-05
4.791209E-05
4.12022E-05
4.389426E-05
4.843745E-05
3.441808E-05
4.240348E-05
5.021408E-05
5.108286E-05
7.747451E-05
2.248044E-05
5.184124E-05
2.700948E-05
5.568202E-05
3.104871E-05
4.135622E-05
4.111043E-05
4.185938E-05
3.688909E-05
6.799967E-05
2.588324E-05
3.111065E-05
6.014129E-05
1.211674E-05
5.520401E-05
1.1678E-05
2.947294E-05
3.730506E-05
3.762884E-05
2.405612E-05
3.182811E-05
2.800107E-05
3.950256E-05
3.499481E-05
4.420397E-05
3.734943E-05
3.574912E-05
3.277453E-05
3.030019E-05
3.677943E-05
3.154502E-05
2.961018E-05
3.522218E-05
3.535193E-05
4.587001E-05
2.033489E-05
3.071575E-05
2.798361E-05
1.821972E-05
6.811752E-05
1.32826E-05
2.518625E-05
2.89313E-05
3.990351E-05
3.386098E-05
3.51044E-05
3.944259E-05
3.358971E-05
3.37473E-05
3.682592E-05
3.115591E-05
4.517402E-05
3.073653E-05
3.176329E-05
1.648277E-05
3.037009E-05
4.046302E-05
2.674904E-05
2.605182E-05
2.499483E-05
2.852793E-05
3.77764E-05
3.89648E-05
3.38137E-05
3.020985E-05
3.028892E-05
3.070693E-05
3.334555E-05
3.332156E-05
2.308276E-05
2.123137E-05
2.317871E-05
2.191031E-05
1.943193E-05
2.686756E-05
3.022288E-05
2.9491E-05
2.909771E-05
2.818272E-05
2.569788E-05
2.639881E-05
2.994118E-05
2.728057E-05
2.598909E-05
2.93518E-05
2.781061E-05
2.700706E-05
2.6425E-05
2.492558E-05
2.664421E-05
2.577966E-05
2.573271E-05
2.575519E-05
2.599057E-05
2.559368E-05
2.687761E-05
2.548782E-05
2.556142E-05
2.409036E-05
2.521064E-05
2.496994E-05
2.489638E-05
2.544627E-05
2.532654E-05
2.503966E-05
2.471686E-05
2.459857E-05
2.55295E-05
2.48511E-05
2.425442E-05
2.415756E-05
2.37971E-05
2.473975E-05
2.422481E-05
2.351403E-05
2.490502E-05
2.437171E-05
2.400128E-05
2.503299E-05
2.493089E-05
2.477799E-05
2.379682E-05
2.43811E-05
2.424021E-05
2.32368E-05
2.290733E-05
2.220372E-05
2.455544E-05
2.166509E-05
2.317902E-05
2.373521E-05
2.415647E-05
2.317627E-05
2.309048E-05
2.2043E-05
2.238928E-05
2.350774E-05
2.274288E-05
2.374381E-05
2.268452E-05
2.33477E-05
2.194184E-05
2.186093E-05
2.211655E-05
2.197646E-05
2.228542E-05
2.219096E-05
2.182004E-05
2.319027E-05
2.183275E-05
2.348081E-05
2.289428E-05
2.155066E-05
2.121375E-05
2.254606E-05
2.257013E-05
2.191339E-05
2.128092E-05
2.331515E-05
2.178975E-05
2.127521E-05
2.238889E-05
2.092851E-05
2.120814E-05
2.055484E-05
2.160134E-05
2.10033E-05
2.065286E-05
2.075437E-05
1.987401E-05
2.14904E-05
2.114596E-05
2.14811E-05
2.075812E-05
2.153082E-05
2.191123E-05
2.100294E-05
2.027701E-05
2.057138E-05
2.083201E-05
2.115912E-05
2.095885E-05
2.014682E-05
2.071475E-05
2.107651E-05
2.044528E-05
2.032841E-05
1.981675E-05
2.124969E-05
2.010532E-05
2.047194E-05
2.007541E-05
2.062505E-05
2.101165E-05
1.996439E-05
1.987175E-05
2.069345E-05
1.969015E-05
2.074485E-05
1.973244E-05
2.073352E-05
1.994107E-05
2.022034E-05
2.014145E-05
1.985396E-05
1.870555E-05
2.049093E-05
2.048601E-05
2.131612E-05
1.997169E-05
1.888192E-05
1.96266E-05
1.906723E-05
2.009779E-05
2.009832E-05
1.884868E-05
1.970691E-05
1.950564E-05
1.898186E-05
1.931299E-05
1.898068E-05
1.983448E-05
1.934246E-05
1.890919E-05
1.876572E-05
1.822611E-05
1.891352E-05
1.855933E-05
1.776469E-05
2.015196E-05
1.846014E-05
1.891616E-05
1.796679E-05
1.864145E-05
1.935071E-05
1.828981E-05
1.807168E-05
1.806174E-05
1.848143E-05
1.784938E-05
1.90588E-05
1.897076E-05
1.901412E-05
1.778189E-05
1.848936E-05
1.864695E-05
1.803258E-05
1.87335E-05
1.832002E-05
1.746457E-05
1.815496E-05
1.828431E-05
1.81969E-05
1.861035E-05
1.843892E-05
1.773752E-05
1.824874E-05
1.826306E-05
1.774869E-05
1.810584E-05
1.766301E-05
1.753409E-05
1.702641E-05
1.757501E-05
1.810566E-05
1.824969E-05
1.776392E-05
1.810715E-05
1.807924E-05
1.767266E-05
1.719349E-05
1.803674E-05
1.755366E-05
1.767689E-05
1.693138E-05
1.703217E-05
1.728389E-05
1.734824E-05
1.763606E-05
1.733667E-05
1.739922E-05
1.710308E-05
1.725289E-05
1.690894E-05
1.81798E-05
1.700419E-05
1.758341E-05
1.71496E-05
1.721701E-05
1.70478E-05
1.673398E-05
1.698429E-05
1.691259E-05
1.72245E-05
1.631629E-05
1.615927E-05
1.719814E-05
1.74926E-05
1.68971E-05
1.711101E-05
1.633638E-05
1.624726E-05
1.659458E-05
1.621315E-05
1.68129E-05
1.730434E-05
1.736694E-05
1.629969E-05
1.603367E-05
1.620104E-05
1.615551E-05
1.671038E-05
1.645795E-05
1.642905E-05
1.659646E-05
1.690784E-05
1.675688E-05
1.581517E-05
1.624754E-05
1.624194E-05
1.622454E-05
1.627655E-05
1.652045E-05
1.565677E-05
1.635103E-05
1.643656E-05
1.584573E-05
1.60715E-05
1.600594E-05
1.581663E-05
1.62655E-05
1.63872E-05
1.650473E-05
1.646962E-05
1.611474E-05
1.553687E-05
1.612047E-05
1.577662E-05
1.602105E-05
1.555268E-05
1.587181E-05
1.575833E-05
1.659231E-05
1.561266E-05
1.590314E-05
1.594958E-05
1.618914E-05
1.581854E-05
1.526575E-05
1.606069E-05
1.525799E-05
1.60615E-05
1.559758E-05
1.584932E-05
1.593177E-05
1.542243E-05
1.534234E-05
1.574175E-05
1.551827E-05
1.562783E-05
1.61441E-05
1.572735E-05
1.522746E-05
1.555067E-05
1.542872E-05
1.566323E-05
1.540961E-05
1.576617E-05
1.499623E-05
1.545985E-05
1.526748E-05
1.502592E-05
1.595003E-05
1.525721E-05
1.532487E-05
1.530943E-05
1.492637E-05
1.544868E-05
1.571755E-05
1.568303E-05
1.480529E-05
1.483677E-05
1.55264E-05
1.536492E-05
1.509777E-05
1.537727E-05
1.518404E-05
1.480376E-05
1.543532E-05
1.501581E-05
1.496078E-05
1.507253E-05
1.461207E-05
1.465207E-05
1.533272E-05
1.533019E-05
1.495252E-05
1.535146E-05
1.437012E-05
1.497118E-05
1.509841E-05
1.464376E-05
1.426815E-05
1.458969E-05
1.498493E-05
1.430168E-05
1.458902E-05
1.484068E-05
1.462142E-05
1.477741E-05
1.426556E-05
1.532166E-05
1.469075E-05
1.552818E-05
1.506721E-05
1.463078E-05
1.478888E-05
1.423991E-05
1.464711E-05
1.444181E-05
1.482848E-05
1.428206E-05
1.466796E-05
1.462962E-05
1.512306E-05
1.475685E-05
1.447063E-05
1.46411E-05
1.39753E-05
1.464284E-05
1.445732E-05
1.41349E-05
1.472755E-05
1.458934E-05
1.408285E-05
1.489648E-05
1.345044E-05
1.422171E-05
1.424521E-05
1.424018E-05
1.441877E-05
1.401951E-05
1.445475E-05
1.425555E-05
1.424399E-05
1.405878E-05
1.416829E-05
1.442368E-05
1.348475E-05
1.317199E-05
1.343858E-05
1.669765E-05
1.373722E-05
1.414655E-05
1.408704E-05
1.4143E-05
1.335822E-05
1.393044E-05
1.367862E-05
1.348104E-05
1.706727E-05
1.060927E-05
1.471076E-05
1.588371E-05
1.490708E-05
1.297045E-05
1.568285E-05
1.239384E-05
1.481379E-05
1.425039E-05
1.391507E-05
1.418013E-05
1.39909E-05
1.387819E-05
1.369865E-05
1.377063E-05
1.387831E-05
1.372364E-05
1.370633E-05
1.398183E-05
1.366056E-05
1.455737E-05
1.337571E-05
1.386484E-05
1.43115E-05
1.399737E-05
1.406269E-05
1.382877E-05
1.390974E-05
1.372246E-05
1.325267E-05
1.345856E-05
1.363034E-05
1.373891E-05
1.368538E-05
1.335483E-05
1.302871E-05
1.332833E-05
1.381444E-05
1.38511E-05
1.317592E-05
1.358409E-05
1.320268E-05
1.304522E-05
1.311754E-05
1.339591E-05
1.365086E-05
1.359645E-05
1.412086E-05
1.355784E-05
1.348214E-05
1.319515E-05
1.344299E-05
1.365977E-05
1.365299E-05
1.273434E-05
1.323335E-05
1.38297E-05
1.28671E-05
1.331651E-05
1.354129E-05
1.335767E-05
1.28412E-05
1.355566E-05
1.370862E-05
1.351652E-05
1.316471E-05
1.346333E-05
1.407755E-05
1.356876E-05
1.354934E-05
1.354113E-05
1.336059E-05
1.339971E-05
1.328541E-05
1.320512E-05
1.304617E-05
1.295531E-05
1.31476E-05
1.335542E-05
1.359186E-05
1.299323E-05
1.326442E-05
1.292965E-05
1.322974E-05
1.290221E-05
1.293511E-05
1.332879E-05
1.294978E-05
1.323436E-05
1.315959E-05
1.316172E-05
1.262081E-05
1.267239E-05
1.321544E-05
1.321813E-05
1.303395E-05
1.251481E-05
1.258737E-05
1.326537E-05
1.275176E-05
1.319541E-05
1.325366E-05
1.314188E-05
1.306689E-05
1.359548E-05
1.237609E-05
1.274199E-05
1.277824E-05
1.304334E-05
1.254215E-05
1.298316E-05
1.281177E-05
1.317592E-05
1.324611E-05
1.282211E-05
1.305788E-05
1.281425E-05
1.279077E-05
1.289989E-05
1.277023E-05
1.269716E-05
1.289099E-05
1.255815E-05
1.245942E-05
1.290271E-05
1.349558E-05
1.297446E-05
1.298397E-05
1.321617E-05
1.308309E-05
1.259111E-05
1.268009E-05
1.25576E-05
1.308723E-05
1.227813E-05
1.291995E-05
1.279394E-05
1.27533E-05
1.245677E-05
1.269397E-05
1.26448E-05
1.282302E-05
1.271527E-05
1.260608E-05
1.294845E-05
1.290261E-05
1.270611E-05
1.260164E-05
1.294104E-05
1.270631E-05
1.265097E-05
1.276407E-05
1.261323E-05
1.219904E-05
1.241338E-05
1.183504E-05
1.296497E-05
1.245953E-05
1.29596E-05
1.286408E-05
1.294909E-05
1.252223E-05
1.249709E-05
1.26052E-05
1.276116E-05
1.321051E-05
1.126784E-05
1.240718E-05
1.297313E-05
1.305944E-05
1.262661E-05
1.28537E-05
1.321273E-05
1.242616E-05
1.297778E-05
1.214372E-05
1.284771E-05
1.26872E-05
1.286092E-05
1.299378E-05
1.246144E-05
1.235834E-05
1.223631E-05
1.224595E-05
1.217505E-05
1.257808E-05
1.220347E-05
1.26743E-05
1.279218E-05
1.213438E-05
1.278242E-05
1.249995E-05
1.259695E-05
1.252803E-05
1.248603E-05
1.23268E-05
1.262977E-05
1.229746E-05
1.220864E-05
1.220244E-05
1.245567E-05
1.18277E-05
1.231495E-05
1.212135E-05
1.278323E-05
1.212721E-05
1.292147E-05
1.254276E-05
1.223941E-05
1.275539E-05
1.269652E-05
1.287978E-05
1.236679E-05
1.222392E-05
1.250362E-05
1.204578E-05
1.225522E-05
1.231385E-05
1.242115E-05
1.209151E-05
1.192086E-05
1.269381E-05
1.220013E-05
1.2334E-05
1.220026E-05
1.238811E-05
1.234718E-05
1.222263E-05
1.248029E-05
1.205343E-05
1.218353E-05
1.208759E-05
1.238307E-05
1.226455E-05
1.193237E-05
1.263703E-05
1.205924E-05
1.219426E-05
1.21753E-05
1.236875E-05
1.210353E-05
1.244253E-05
1.236123E-05
1.219034E-05
1.235402E-05
1.225159E-05
1.222824E-05
1.200379E-05
1.221175E-05
1.259781E-05
1.251151E-05
1.257771E-05
1.238367E-05
1.254012E-05
1.158735E-05
1.199615E-05
1.244678E-05
1.245902E-05
1.236949E-05
1.211465E-05
1.239859E-05
1.237967E-05
1.216102E-05
1.254551E-05
1.238405E-05
1.22769E-05
1.254582E-05
1.238638E-05
1.245087E-05
1.267138E-05
1.220021E-05
1.240978E-05
1.23502E-05
1.249466E-05
1.211372E-05
1.22128E-05
1.228667E-05
1.1801E-05
1.2023E-05
1.249048E-05
1.224629E-05
1.195708E-05
1.186277E-05
1.260175E-05
1.214434E-05
1.247528E-05
1.239308E-05
1.230221E-05
1.188752E-05
1.212785E-05
1.268058E-05
1.257833E-05
1.22357E-05
1.205497E-05
1.227509E-05
1.172849E-05
1.23538E-05
1.212107E-05
1.232135E-05
1.245325E-05
1.180151E-05
1.22353E-05
1.220325E-05
1.201824E-05
1.192545E-05
1.216746E-05
1.237536E-05
1.242197E-05
1.202683E-05
1.174589E-05
1.234126E-05
1.239889E-05
1.219647E-05
1.206502E-05
1.225091E-05
1.218192E-05
1.23965E-05
1.176499E-05
1.216649E-05
1.23156E-05
1.202195E-05
1.204528E-05
1.235038E-05
1.249008E-05
1.223185E-05
1.227861E-05
1.258662E-05
1.221128E-05
1.191019E-05
1.253476E-05
1.168903E-05
1.198165E-05
1.223219E-05
1.173104E-05
1.223462E-05
0
0.0009018221
0.0004478295
0.0006542041
0.003622726
0.008086785
0.01170819
0.01711201
0.00176616
0.001496944
0.00256299
0.006609785
0.005861316
0.002683562
0.002257267
0.001457173
0.002372729
0.0005811013
0.0007650371
0.00106696
0.001232458
0.0007465506
0.0006269356
0.0007154644
0.0003649951
0.001005923
0.000493055
0.0004814588
0.001048604
0.0007198452
0.0006971672
0.00120432
0.0008115888
0.001058789
0.000901341
0.001403463
0.0008784866
0.00108466
0.0005899217
0.001130172
0.0008810516
0.0007105508
0.0006291211
0.001367942
0.0005832768
0.0003549914
0.0003082613
0.001095463
0.0003888156
0.0003787412
0.0007973552
0.00102738
0.0005236011
0.0001635234
0.0005297104
9.692076E-05
0.000528841
0.0002872682
0.000344371
0.0003503186
0.0002361909
0.0002715068
0.0003241579
0.0005431484
0.0001808104
0.0001568779
0.0004038914
6.771807E-05
0.0006314764
0.0004523073
0.0001943331
0.0006047866
0.0003542402
0.0002220395
0.000154777
0.0004277273
0.000258889
0.000220039
0.0003464607
0.0002919912
0.0002950463
0.0003807822
0.0001765737
0.0008894115
0.0005741919
0.00112018
0.0006142593
0.0001648946
8.200095E-05
0.001051583
0.001021719
0.001051104
0.0006160613
0.0004232304
0.0001120898
0.001195007
0.0007329049
0.0004346064
0.0002658093
0.0007070418
0.000648816
0.0002765064
0.0002684491
0.0001405579
0.0002163495
0.0002443017
0.0001377197
8.587834E-05
0.0001852068
0.0001549588
0.0001968186
6.135922E-05
6.813489E-05
0.0001414687
6.257447E-05
5.632006E-05
0.000252909
9.640586E-05
0.0001666915
0.0001236617
0.0002538277
0.0002429238
0.0001274402
0.0002310576
0.0003598127
0.0001880754
0.0002683597
0.0001135131
0.0002045867
0.000230152
0.0001236986
0.0001643551
0.0002513847
6.406716E-05
3.323226E-05
0.0001505607
6.560746E-05
3.977081E-05
9.825729E-05
9.732883E-05
8.689839E-05
5.618002E-05
0.0001407497
7.697033E-05
5.239992E-05
4.484864E-05
4.721426E-05
0.0001701961
0.0001671389
4.507303E-05
0.0001983028
0.0001504559
0.0001447544
3.857572E-05
8.191857E-05
0.0001220794
0.0001479256
0.0001251931
8.231764E-05
7.896188E-05
7.648071E-05
0.0001556782
0.0001273221
2.969528E-05
0.0001471458
5.056576E-05
3.624863E-05
4.182424E-05
0.000152807
2.702848E-05
4.580849E-05
3.936541E-05
4.810465E-05
5.867289E-05
7.732461E-05
7.163305E-05
0.0001026516
0.0001419808
3.369093E-05
0.0001260377
0.0001187388
0.0001068128
8.051227E-05
4.731746E-05
5.027703E-05
2.047578E-05
7.5895E-06
6.104916E-05
3.819608E-05
1.906306E-05
2.173734E-05
0.0001213827
0.0001223195
4.453897E-05
4.813932E-05
1.95382E-05
1.746248E-05
0.0001016916
9.193693E-05
6.904206E-05
8.029924E-05
2.525969E-05
6.217419E-05
8.508383E-05
4.161365E-05
4.974953E-05
5.221376E-05
3.053168E-05
3.390972E-05
4.280304E-05
7.73438E-05
8.462303E-05
5.445186E-05
0.0001115472
1.150671E-06
6.021097E-05
2.454257E-05
1.87595E-05
3.174235E-05
6.340542E-05
9.081527E-05
0.0001946822
6.533416E-05
3.446579E-05
9.993324E-05
6.327941E-05
0.0001077951
0.0001676535
8.488754E-05
0.0001026237
8.043338E-05
5.913642E-05
0.0001052714
2.927298E-05
4.86116E-05
6.633198E-05
3.16142E-05
2.399522E-05
9.930936E-05
5.163223E-05
1.758819E-05
5.600524E-05
1.734957E-05
3.748273E-05
5.540467E-05
7.350171E-06
2.779679E-05
4.465081E-05
3.884831E-05
3.140408E-05
3.349161E-05
3.770712E-05
2.458461E-05
3.885009E-05
7.111377E-05
5.053404E-05
5.361022E-05
3.872226E-05
2.348752E-05
4.495065E-05
3.95036E-05
4.805653E-05
4.410509E-05
7.123037E-05
5.852511E-05
5.192127E-05
4.557016E-05
5.858814E-05
5.046813E-05
2.171188E-05
3.971426E-05
2.323839E-05
1.958229E-05
2.865414E-05
5.012861E-05
3.643861E-05
1.643873E-05
2.780687E-05
1.570517E-05
1.689234E-05
5.343569E-05
1.174273E-05
5.051337E-05
5.069889E-05
3.073693E-05
1.940621E-05
4.002018E-05
2.108889E-05
2.279527E-05
2.103806E-05
1.637713E-05
2.210852E-05
3.396649E-05
3.21006E-05
2.992913E-05
2.404934E-05
1.975914E-05
1.998282E-05
3.269256E-05
2.329924E-05
2.204145E-05
1.486119E-05
2.001409E-05
2.128431E-05
2.523749E-05
2.433788E-05
2.270157E-05
2.629269E-05
2.5232E-05
2.247537E-05
2.251499E-05
2.112645E-05
2.526897E-05
2.62224E-05
2.117863E-05
2.384426E-05
2.186058E-05
2.348553E-05
2.342608E-05
2.196151E-05
2.307431E-05
2.198412E-05
2.260305E-05
2.130201E-05
2.217268E-05
2.177086E-05
2.119223E-05
2.196105E-05
1.902354E-05
1.987623E-05
2.076259E-05
1.95545E-05
2.081328E-05
2.107686E-05
2.072414E-05
1.998164E-05
2.034106E-05
2.072419E-05
2.047417E-05
2.039962E-05
1.995386E-05
1.942707E-05
1.952848E-05
2.013184E-05
1.941664E-05
2.177198E-05
1.751103E-05
2.20596E-05
1.913752E-05
1.898684E-05
2.036181E-05
2.032803E-05
1.837685E-05
1.877302E-05
2.127719E-05
1.848251E-05
1.888424E-05
1.848738E-05
1.824769E-05
2.009152E-05
1.913098E-05
1.945298E-05
1.820301E-05
1.933788E-05
1.829617E-05
2.026421E-05
1.805184E-05
1.874892E-05
1.862968E-05
1.838818E-05
1.754065E-05
1.983882E-05
1.818249E-05
1.804683E-05
1.822431E-05
1.819564E-05
1.91721E-05
1.680628E-05
1.789709E-05
2.062315E-05
1.71071E-05
1.863663E-05
1.708957E-05
1.735204E-05
1.775154E-05
1.646478E-05
1.664592E-05
2.282304E-05
1.517707E-05
1.747403E-05
1.776972E-05
1.748112E-05
1.967534E-05
1.592155E-05
1.688557E-05
1.884042E-05
1.576583E-05
1.783846E-05
1.800825E-05
1.631921E-05
1.699112E-05
1.735767E-05
1.819828E-05
1.755893E-05
1.830031E-05
1.543632E-05
1.72395E-05
1.715316E-05
1.643533E-05
1.739493E-05
1.641464E-05
1.661494E-05
1.666999E-05
1.58475E-05
1.515188E-05
1.621499E-05
1.709088E-05
1.483749E-05
1.665086E-05
1.723936E-05
1.419882E-05
1.727454E-05
1.988824E-05
1.474395E-05
1.716223E-05
1.725848E-05
1.500303E-05
1.666226E-05
1.606228E-05
1.561851E-05
1.933415E-05
1.600531E-05
1.544262E-05
1.771251E-05
1.749066E-05
1.585756E-05
1.713137E-05
1.611059E-05
1.664587E-05
1.689615E-05
1.614405E-05
1.544271E-05
1.534993E-05
1.481832E-05
1.545624E-05
1.613348E-05
1.531588E-05
1.563811E-05
1.527964E-05
1.407009E-05
1.583258E-05
1.613772E-05
1.53259E-05
1.543866E-05
1.518174E-05
1.467375E-05
1.609911E-05
1.51994E-05
1.53293E-05
1.585224E-05
1.63336E-05
1.57316E-05
1.637651E-05
1.558433E-05
1.517433E-05
1.548837E-05
1.586419E-05
1.570795E-05
1.485135E-05
1.618747E-05
1.53639E-05
1.453607E-05
1.490056E-05
1.417994E-05
1.498173E-05
1.523819E-05
1.456487E-05
1.533971E-05
1.421752E-05
1.505941E-05
1.532206E-05
1.421226E-05
1.398072E-05
1.502523E-05
1.42936E-05
1.487919E-05
1.431606E-05
1.503763E-05
1.403936E-05
1.489325E-05
1.433978E-05
1.38047E-05
1.412751E-05
1.452702E-05
1.295761E-05
1.49902E-05
1.422031E-05
1.467295E-05
1.537682E-05
1.404485E-05
1.388568E-05
1.505582E-05
1.371642E-05
1.373398E-05
1.460636E-05
1.411029E-05
1.369187E-05
1.39763E-05
1.389784E-05
1.300692E-05
1.461597E-05
1.411409E-05
1.273366E-05
1.400113E-05
1.404428E-05
1.434407E-05
1.308585E-05
1.306243E-05
1.284079E-05
1.365602E-05
1.322949E-05
1.286296E-05
1.310333E-05
1.370924E-05
1.399361E-05
1.354403E-05
1.372845E-05
1.326823E-05
1.415877E-05
1.276976E-05
1.399648E-05
1.378892E-05
1.326327E-05
1.372372E-05
1.360077E-05
1.358111E-05
1.412546E-05
1.351693E-05
1.371344E-05
1.418182E-05
1.331239E-05
1.255907E-05
1.313014E-05
1.241057E-05
1.323059E-05
1.298075E-05
1.392739E-05
1.347296E-05
1.344802E-05
1.295662E-05
1.322841E-05
1.302778E-05
1.332958E-05
1.243123E-05
1.370945E-05
1.328177E-05
1.295968E-05
1.418946E-05
1.323201E-05
1.314887E-05
1.457324E-05
1.261438E-05
1.364836E-05
1.360362E-05
1.326489E-05
1.341153E-05
1.235178E-05
1.253936E-05
1.323559E-05
1.376553E-05
1.265139E-05
1.333571E-05
1.349814E-05
1.301256E-05
1.290536E-05
1.246307E-05
1.238715E-05
1.300784E-05
1.257084E-05
1.238063E-05
1.288866E-05
1.238372E-05
1.295336E-05
1.242533E-05
1.301108E-05
1.237129E-05
1.283437E-05
1.258495E-05
1.253063E-05
1.250579E-05
1.276464E-05
1.16169E-05
1.232644E-05
1.254539E-05
1.125838E-05
1.27888E-05
1.266804E-05
1.240619E-05
1.315025E-05
1.161666E-05
1.222859E-05
1.264769E-05
1.199983E-05
1.214869E-05
1.223131E-05
1.236339E-05
1.224967E-05
1.235457E-05
1.185898E-05
1.18956E-05
1.160519E-05
1.185263E-05
1.196695E-05
1.250417E-05
1.18879E-05
1.188294E-05
1.224666E-05
1.234159E-05
1.175503E-05
1.293775E-05
1.19957E-05
1.188378E-05
1.240863E-05
1.15443E-05
1.2368E-05
1.250137E-05
1.189905E-05
1.185568E-05
1.228025E-05
1.234349E-05
1.17689E-05
1.194252E-05
1.188258E-05
1.211879E-05
1.199188E-05
1.178254E-05
1.181457E-05
1.199448E-05
1.219925E-05
1.158829E-05
1.224395E-05
1.217113E-05
1.158295E-05
1.178111E-05
1.180342E-05
1.210507E-05
1.154064E-05
1.145363E-05
1.189668E-05
1.128721E-05
1.185705E-05
1.173799E-05
1.165445E-05
1.173387E-05
1.063283E-05
1.196838E-05
1.163299E-05
1.144444E-05
1.207362E-05
1.177086E-05
1.153014E-05
1.171922E-05
1.157946E-05
1.16519E-05
1.222002E-05
1.152744E-05
1.174919E-05
1.157198E-05
1.190421E-05
1.113346E-05
1.183494E-05
1.138774E-05
1.169119E-05
1.175695E-05
1.145532E-05
1.107848E-05
1.084596E-05
1.068028E-05
1.322761E-05
1.106626E-05
1.340878E-05
1.115077E-05
1.196426E-05
1.167052E-05
1.174354E-05
1.211657E-05
1.166785E-05
1.330358E-05
1.077831E-05
1.580261E-05
8.011741E-06
1.064858E-05
1.125103E-05
1.193422E-05
1.24176E-05
9.879245E-06
1.145497E-05
1.141663E-05
1.102542E-05
1.100695E-05
1.097852E-05
1.091805E-05
1.086476E-05
1.069339E-05
1.106125E-05
1.140693E-05
1.096097E-05
1.095217E-05
1.084194E-05
1.120307E-05
1.109537E-05
1.161296E-05
1.129236E-05
1.071203E-05
1.156215E-05
1.083597E-05
1.109296E-05
1.07496E-05
1.080978E-05
1.041209E-05
1.182033E-05
1.077099E-05
1.089259E-05
1.155157E-05
1.113378E-05
1.155792E-05
1.133029E-05
1.055943E-05
1.089564E-05
1.062197E-05
1.054544E-05
1.112036E-05
1.059335E-05
1.039417E-05
1.086239E-05
1.117444E-05
1.074668E-05
1.102892E-05
1.140831E-05
1.065095E-05
1.102363E-05
1.08909E-05
1.089518E-05
1.08518E-05
1.104497E-05
1.047767E-05
1.063423E-05
1.049285E-05
1.095999E-05
1.12709E-05
1.05419E-05
1.050169E-05
1.090904E-05
1.059901E-05
1.045754E-05
1.119646E-05
1.020544E-05
1.08943E-05
1.086048E-05
1.005203E-05
1.056463E-05
1.087407E-05
1.090858E-05
1.035951E-05
1.073426E-05
1.083255E-05
1.101621E-05
1.13314E-05
1.060552E-05
1.069641E-05
1.030563E-05
1.088639E-05
1.053775E-05
1.065462E-05
1.067305E-05
1.080699E-05
1.050229E-05
1.055941E-05
1.077544E-05
1.029175E-05
1.058212E-05
1.038365E-05
1.047337E-05
1.036298E-05
1.069366E-05
1.045771E-05
1.088417E-05
1.001944E-05
1.056982E-05
1.051205E-05
1.075352E-05
1.060467E-05
1.083559E-05
1.031102E-05
1.109178E-05
1.055619E-05
1.115848E-05
1.071742E-05
1.056909E-05
1.053267E-05
1.075641E-05
1.026768E-05
1.096446E-05
1.042897E-05
1.095643E-05
1.041848E-05
1.057753E-05
1.068341E-05
1.059011E-05
1.018513E-05
1.020504E-05
1.006261E-05
1.045351E-05
1.06961E-05
9.916715E-06
1.024491E-05
1.078781E-05
1.051914E-05
1.025192E-05
1.064049E-05
1.064902E-05
1.036741E-05
1.019436E-05
1.053022E-05
1.023101E-05
1.012046E-05
1.008546E-05
1.010872E-05
9.799583E-06
1.012741E-05
1.065905E-05
9.954448E-06
1.049403E-05
1.007964E-05
1.056857E-05
1.036873E-05
9.939221E-06
1.041337E-05
1.029502E-05
1.001748E-05
1.04506E-05
1.026625E-05
9.848858E-06
9.974629E-06
1.107435E-05
9.493569E-06
1.024601E-05
9.969263E-06
1.077754E-05
1.021089E-05
1.006368E-05
9.977201E-06
9.976698E-06
1.0229E-05
9.498794E-06
9.346117E-06
9.522631E-06
1.024615E-05
1.039474E-05
1.014107E-05
9.752852E-06
1.017668E-05
1.003297E-05
1.003895E-05
1.035122E-05
9.837951E-06
9.933154E-06
1.022089E-05
1.030299E-05
1.073976E-05
1.015907E-05
1.032678E-05
1.026426E-05
1.047748E-05
9.880442E-06
9.879072E-06
9.967976E-06
1.007285E-05
1.005372E-05
1.011813E-05
1.02786E-05
9.966187E-06
1.005819E-05
1.071808E-05
9.538566E-06
1.04558E-05
9.667378E-06
1.022764E-05
1.012362E-05
9.688673E-06
1.010174E-05
1.027844E-05
9.731779E-06
1.039782E-05
9.890546E-06
9.818274E-06
1.030656E-05
1.028821E-05
1.055953E-05
9.93412E-06
1.009283E-05
1.004773E-05
9.695643E-06
9.977255E-06
1.037428E-05
1.054545E-05
9.795912E-06
9.966932E-06
1.012138E-05
1.023373E-05
1.03505E-05
1.016669E-05
9.782216E-06
1.036636E-05
9.699117E-06
1.046166E-05
9.334615E-06
1.013543E-05
1.008704E-05
1.006005E-05
9.820829E-06
1.026836E-05
9.7982E-06
1.053408E-05
9.828623E-06
9.809108E-06
9.860637E-06
9.696695E-06
9.998775E-06
9.701334E-06
9.907361E-06
1.043625E-05
9.525957E-06
1.00412E-05
9.964569E-06
9.92266E-06
9.965323E-06
9.797188E-06
1.002516E-05
9.897396E-06
1.000171E-05
9.878408E-06
9.852714E-06
9.595031E-06
9.743611E-06
9.384132E-06
1.001543E-05
9.601366E-06
9.755879E-06
9.602991E-06
1.032925E-05
9.771235E-06
9.88687E-06
9.834265E-06
9.62877E-06
1.016427E-05
9.656012E-06
9.483167E-06
9.666157E-06
1.035128E-05
9.775429E-06
9.899449E-06
9.989666E-06
1.012263E-05
1.007111E-05
9.558753E-06
1.025429E-05
1.011838E-05
9.986969E-06
9.639478E-06
9.758523E-06
9.785061E-06
9.442731E-06
1.012686E-05
9.864912E-06
9.487523E-06
9.838082E-06
9.882473E-06
9.335288E-06
9.665041E-06
9.533389E-06
9.956743E-06
9.95341E-06
9.678178E-06
9.40174E-06
9.724319E-06
1.013101E-05
9.7747E-06
9.949526E-06
1.010185E-05
9.901474E-06
1.025168E-05
9.541425E-06
9.624154E-06
9.91128E-06
9.87999E-06
9.711449E-06
9.974357E-06
9.653651E-06
9.928713E-06
9.968457E-06
1.023803E-05
9.724088E-06
1.045065E-05
9.768009E-06
1.009044E-05
9.895477E-06
9.722017E-06
9.792737E-06
9.85587E-06
9.49944E-06
9.640891E-06
9.642919E-06
9.736191E-06
9.541734E-06
9.673759E-06
9.748482E-06
9.827383E-06
1.018537E-05
9.945324E-06
9.869731E-06
9.768536E-06
1.018286E-05
9.751386E-06
0
